59,1
59,3
0,439
3,2
3,1
3,3
10,28
10,23
10,17
10,194
10,256
10,166
10,195
10,2
10,3
11,21
11,15
11,22
11,18
11,2
11,3
9,7
9,2
9,3
8,5
8,8
8,16
8,6
8,2
8,3
12,2
12,1
12,3
20,2
20,1
20,3
19,2
19,1
19,3
96,3
96,2
96,1
96,0
95,5
95,4
95,3
95,2
95,1
95,0
94,4
94,3
94,2
94,1
94,0
91,3
91,2
91,1
91,0
89,3
89,2
89,1
89,0
87,4
87,3
87,2
87,1
87,0
86,3
86,2
86,1
86,0
85,3
85,2
85,1
85,0
84,4
84,3
84,2
84,1
84,0
80,3
80,2
80,1
80,0
79,3
79,2
79,1
79,0
78,4
78,3
78,2
78,1
78,0
73,3
73,1
68,3
68,2
68,1
68,0
66,3
66,2
66,1
66,0
65,3
65,2
65,1
65,0
64,3
64,2
64,1
64,0
48,3
48,1
18,1
45,3
45,1
36,3
18,3
36,1
35,1
35,3
34,8
34,7
14,4
14,3
13,1
34,6
